1.120000000000000000e+02 6.400000000000000000e+01
9.049774169921875000e+01 1.809954833984375000e+02
1.120000000000000000e+02 4.800000000000000000e+01
6.400000000000000000e+01 1.920000000000000000e+02
6.400000000000000000e+01 2.240000000000000000e+02
1.280000000000000000e+02 1.280000000000000000e+02
9.600000000000000000e+01 2.400000000000000000e+02
1.357658081054687500e+02 1.583934478759765625e+02
1.760000000000000000e+02 1.920000000000000000e+02
6.400000000000000000e+01 6.400000000000000000e+01
1.120000000000000000e+02 3.200000000000000000e+01
6.400000000000000000e+01 6.400000000000000000e+01
1.600000000000000000e+02 1.280000000000000000e+02
6.400000000000000000e+01 1.280000000000000000e+02
1.760000000000000000e+02 2.080000000000000000e+02
1.810210876464843750e+02 2.262763214111328125e+01
0.000000000000000000e+00 1.280000000000000000e+02
6.400000000000000000e+01 9.600000000000000000e+01
1.280000000000000000e+02 1.280000000000000000e+02
4.800000000000000000e+01 2.400000000000000000e+02
4.800000000000000000e+01 9.600000000000000000e+01
6.400000000000000000e+01 8.000000000000000000e+01
1.280000000000000000e+02 1.440000000000000000e+02
4.800000000000000000e+01 1.120000000000000000e+02
1.280000000000000000e+02 1.920000000000000000e+02
6.400000000000000000e+01 2.400000000000000000e+02
4.525526428222656250e+01 9.051054382324218750e+01
4.525527191162109375e+01 9.051053619384765625e+01
1.600000000000000000e+02 0.000000000000000000e+00
4.525527191162109375e+01 1.131381759643554688e+02
1.131381759643554688e+02 4.525527191162109375e+01
6.788290405273437500e+01 9.051053619384765625e+01
1.810210876464843750e+02 0.000000000000000000e+00
1.920000000000000000e+02 1.920000000000000000e+02
4.525527191162109375e+01 1.357658081054687500e+02
4.525526428222656250e+01 1.810210723876953125e+02
1.357658081054687500e+02 1.357658081054687500e+02
3.200000000000000000e+01 2.240000000000000000e+02
1.280000000000000000e+02 1.600000000000000000e+02
1.600000000000000000e+02 1.600000000000000000e+02
6.788290405273437500e+01 4.525527191162109375e+01
1.357658081054687500e+02 1.357658081054687500e+02
1.280000000000000000e+02 1.280000000000000000e+02
9.051054382324218750e+01 4.525526428222656250e+01
4.525526428222656250e+01 1.357658081054687500e+02
6.400000000000000000e+01 3.200000000000000000e+01
9.051054382324218750e+01 9.051054382324218750e+01
6.788290405273437500e+01 6.788290405273437500e+01
9.600000000000000000e+01 6.400000000000000000e+01
1.760000000000000000e+02 3.200000000000000000e+01
9.600000000000000000e+01 3.200000000000000000e+01
9.600000000000000000e+01 3.200000000000000000e+01
1.280000000000000000e+02 0.000000000000000000e+00
9.049774169921875000e+01 0.000000000000000000e+00
1.760000000000000000e+02 1.600000000000000000e+01
8.000000000000000000e+01 2.400000000000000000e+02
4.525526428222656250e+01 4.525526428222656250e+01
9.051053619384765625e+01 4.525527191162109375e+01
1.280000000000000000e+02 1.120000000000000000e+02
6.400000000000000000e+01 1.600000000000000000e+01
1.280000000000000000e+02 6.400000000000000000e+01
1.440000000000000000e+02 1.600000000000000000e+02
1.440000000000000000e+02 1.440000000000000000e+02
1.280000000000000000e+02 1.600000000000000000e+02
1.120000000000000000e+02 2.400000000000000000e+02
4.800000000000000000e+01 8.000000000000000000e+01
6.788290405273437500e+01 2.262763519287109375e+02
6.400000000000000000e+01 9.600000000000000000e+01
1.583934478759765625e+02 1.357658081054687500e+02
6.400000000000000000e+01 1.280000000000000000e+02
9.600000000000000000e+01 4.800000000000000000e+01
4.800000000000000000e+01 1.280000000000000000e+02
9.051054382324218750e+01 1.810210723876953125e+02
9.051054382324218750e+01 0.000000000000000000e+00
1.583934478759765625e+02 1.583934478759765625e+02
1.920000000000000000e+02 0.000000000000000000e+00
3.200000000000000000e+01 1.440000000000000000e+02
1.760000000000000000e+02 1.120000000000000000e+02
1.810210876464843750e+02 2.036487121582031250e+02
9.051053619384765625e+01 6.788290405273437500e+01
1.810210876464843750e+02 9.051053619384765625e+01
6.788290405273437500e+01 2.489039916992187500e+02
4.525526428222656250e+01 2.262763519287109375e+02
6.400000000000000000e+01 6.400000000000000000e+01
1.280000000000000000e+02 1.760000000000000000e+02
1.357658081054687500e+02 4.525526428222656250e+01
9.051054382324218750e+01 2.262763519287109375e+02
1.810210876464843750e+02 1.131381759643554688e+02
9.051054382324218750e+01 1.357658081054687500e+02
9.049774169921875000e+01 9.049774169921875000e+01
1.600000000000000000e+02 1.280000000000000000e+02
1.600000000000000000e+02 6.400000000000000000e+01
1.131381759643554688e+02 6.788290405273437500e+01
9.600000000000000000e+01 6.400000000000000000e+01
1.357658081054687500e+02 1.131381759643554688e+02
9.051053619384765625e+01 2.262763214111328125e+01
1.760000000000000000e+02 8.000000000000000000e+01
1.760000000000000000e+02 0.000000000000000000e+00
1.280000000000000000e+02 1.280000000000000000e+02
1.600000000000000000e+02 3.200000000000000000e+01
6.400000000000000000e+01 1.280000000000000000e+02
1.600000000000000000e+02 2.240000000000000000e+02
1.120000000000000000e+02 8.000000000000000000e+01
1.810210876464843750e+02 1.357658081054687500e+02
9.600000000000000000e+01 2.240000000000000000e+02
4.525527191162109375e+01 6.788290405273437500e+01
1.760000000000000000e+02 4.800000000000000000e+01
1.120000000000000000e+02 1.120000000000000000e+02
1.810210876464843750e+02 2.262763519287109375e+02
8.000000000000000000e+01 2.400000000000000000e+02
9.051053619384765625e+01 2.262763214111328125e+01
9.600000000000000000e+01 3.200000000000000000e+01
1.280000000000000000e+02 1.280000000000000000e+02
8.000000000000000000e+01 3.200000000000000000e+01
9.049774169921875000e+01 9.049774169921875000e+01
6.788290405273437500e+01 2.262763214111328125e+01
6.400000000000000000e+01 2.240000000000000000e+02
1.600000000000000000e+02 1.920000000000000000e+02
9.600000000000000000e+01 1.600000000000000000e+01
9.051054382324218750e+01 2.262763519287109375e+02
9.600000000000000000e+01 3.200000000000000000e+01
9.051053619384765625e+01 2.489039916992187500e+02
9.600000000000000000e+01 2.400000000000000000e+02
8.000000000000000000e+01 2.080000000000000000e+02
6.400000000000000000e+01 2.400000000000000000e+02
1.280000000000000000e+02 1.280000000000000000e+02
9.051053619384765625e+01 9.051053619384765625e+01
9.600000000000000000e+01 9.600000000000000000e+01
6.788290405273437500e+01 2.489039916992187500e+02
9.049774169921875000e+01 1.809954833984375000e+02
6.400000000000000000e+01 3.200000000000000000e+01
9.051053619384765625e+01 2.262763519287109375e+02
9.600000000000000000e+01 2.240000000000000000e+02
6.400000000000000000e+01 3.200000000000000000e+01
6.400000000000000000e+01 1.280000000000000000e+02
6.400000000000000000e+01 1.600000000000000000e+01
1.280000000000000000e+02 6.400000000000000000e+01
9.600000000000000000e+01 8.000000000000000000e+01
8.000000000000000000e+01 1.760000000000000000e+02
9.051053619384765625e+01 1.583934478759765625e+02
8.000000000000000000e+01 9.600000000000000000e+01
8.000000000000000000e+01 1.120000000000000000e+02
9.051053619384765625e+01 6.788290405273437500e+01
9.051053619384765625e+01 1.131381759643554688e+02
9.600000000000000000e+01 1.920000000000000000e+02
6.400000000000000000e+01 0.000000000000000000e+00
1.280000000000000000e+02 1.920000000000000000e+02
9.051054382324218750e+01 9.051054382324218750e+01
9.051053619384765625e+01 1.810210876464843750e+02
8.000000000000000000e+01 1.600000000000000000e+02
1.583934478759765625e+02 2.262763214111328125e+01
1.280000000000000000e+02 0.000000000000000000e+00
9.600000000000000000e+01 9.600000000000000000e+01
9.600000000000000000e+01 0.000000000000000000e+00
8.000000000000000000e+01 1.600000000000000000e+01
6.400000000000000000e+01 1.440000000000000000e+02
9.600000000000000000e+01 4.800000000000000000e+01
4.800000000000000000e+01 1.440000000000000000e+02
1.920000000000000000e+02 1.920000000000000000e+02
9.051054382324218750e+01 1.357658081054687500e+02
1.280000000000000000e+02 0.000000000000000000e+00
9.051053619384765625e+01 2.036487121582031250e+02
1.357658081054687500e+02 9.051054382324218750e+01
1.600000000000000000e+02 1.600000000000000000e+02
6.788290405273437500e+01 2.036487121582031250e+02
9.600000000000000000e+01 6.400000000000000000e+01
9.051054382324218750e+01 0.000000000000000000e+00
6.400000000000000000e+01 1.920000000000000000e+02
1.120000000000000000e+02 3.200000000000000000e+01
1.280000000000000000e+02 2.240000000000000000e+02
9.600000000000000000e+01 1.600000000000000000e+02
1.357658081054687500e+02 2.036487121582031250e+02
6.400000000000000000e+01 6.400000000000000000e+01
9.600000000000000000e+01 1.280000000000000000e+02
9.051053619384765625e+01 4.525527191162109375e+01
6.788290405273437500e+01 2.262763519287109375e+02
6.400000000000000000e+01 1.280000000000000000e+02
1.583934478759765625e+02 1.583934478759765625e+02
1.440000000000000000e+02 1.440000000000000000e+02
1.920000000000000000e+02 3.200000000000000000e+01
6.400000000000000000e+01 9.600000000000000000e+01
1.920000000000000000e+02 4.800000000000000000e+01
6.788290405273437500e+01 9.051053619384765625e+01
1.583934478759765625e+02 0.000000000000000000e+00
4.525526428222656250e+01 2.262763519287109375e+02
9.600000000000000000e+01 6.400000000000000000e+01
1.131381759643554688e+02 1.810210876464843750e+02
1.600000000000000000e+02 0.000000000000000000e+00
1.600000000000000000e+02 1.600000000000000000e+01
6.400000000000000000e+01 1.920000000000000000e+02
1.440000000000000000e+02 1.920000000000000000e+02
1.280000000000000000e+02 1.440000000000000000e+02
6.788290405273437500e+01 1.357658081054687500e+02
1.920000000000000000e+02 1.600000000000000000e+01
1.280000000000000000e+02 2.400000000000000000e+02
6.400000000000000000e+01 1.760000000000000000e+02
8.000000000000000000e+01 8.000000000000000000e+01
1.440000000000000000e+02 2.400000000000000000e+02
9.600000000000000000e+01 1.600000000000000000e+02
6.788290405273437500e+01 1.131381759643554688e+02
1.120000000000000000e+02 1.600000000000000000e+01
9.600000000000000000e+01 1.760000000000000000e+02
9.600000000000000000e+01 1.920000000000000000e+02
8.000000000000000000e+01 1.280000000000000000e+02
1.583934478759765625e+02 1.357658081054687500e+02
1.600000000000000000e+02 1.440000000000000000e+02
9.600000000000000000e+01 2.240000000000000000e+02
9.600000000000000000e+01 2.240000000000000000e+02
9.051054382324218750e+01 2.262763519287109375e+02
8.000000000000000000e+01 2.400000000000000000e+02
1.120000000000000000e+02 2.400000000000000000e+02
6.400000000000000000e+01 2.240000000000000000e+02
4.800000000000000000e+01 9.600000000000000000e+01
9.600000000000000000e+01 2.400000000000000000e+02
1.280000000000000000e+02 2.400000000000000000e+02
8.000000000000000000e+01 1.760000000000000000e+02
9.051053619384765625e+01 1.583934478759765625e+02
8.000000000000000000e+01 1.600000000000000000e+02
6.400000000000000000e+01 1.920000000000000000e+02
1.280000000000000000e+02 1.280000000000000000e+02
4.525527191162109375e+01 9.051053619384765625e+01
6.788290405273437500e+01 1.583934478759765625e+02
8.000000000000000000e+01 2.080000000000000000e+02
9.051053619384765625e+01 2.262763519287109375e+02
6.400000000000000000e+01 6.400000000000000000e+01
1.131381759643554688e+02 2.489039916992187500e+02
6.400000000000000000e+01 1.600000000000000000e+02
4.525526428222656250e+01 9.051054382324218750e+01
1.920000000000000000e+02 2.400000000000000000e+02
9.051054382324218750e+01 4.525526428222656250e+01
6.400000000000000000e+01 1.280000000000000000e+02
9.051053619384765625e+01 2.489039916992187500e+02
8.000000000000000000e+01 1.920000000000000000e+02
6.400000000000000000e+01 6.400000000000000000e+01
9.600000000000000000e+01 1.600000000000000000e+02
4.525526428222656250e+01 4.525526428222656250e+01
1.809954833984375000e+02 1.809954833984375000e+02
2.400000000000000000e+02 1.440000000000000000e+02
4.525526428222656250e+01 1.357658081054687500e+02
4.800000000000000000e+01 1.120000000000000000e+02
8.000000000000000000e+01 2.240000000000000000e+02
9.051053619384765625e+01 1.357658081054687500e+02
4.525526428222656250e+01 2.262763519287109375e+02
0.000000000000000000e+00 1.809954833984375000e+02
9.049774169921875000e+01 1.809954833984375000e+02
6.788290405273437500e+01 1.810210876464843750e+02
8.000000000000000000e+01 1.440000000000000000e+02
3.200000000000000000e+01 9.600000000000000000e+01
6.788290405273437500e+01 2.262763519287109375e+02
1.440000000000000000e+02 2.400000000000000000e+02
4.525527191162109375e+01 1.131381759643554688e+02
4.525526428222656250e+01 1.810210723876953125e+02
1.600000000000000000e+02 6.400000000000000000e+01
9.051054382324218750e+01 9.051054382324218750e+01
1.357658081054687500e+02 2.489039916992187500e+02
9.600000000000000000e+01 1.440000000000000000e+02
6.400000000000000000e+01 6.400000000000000000e+01
2.400000000000000000e+02 1.600000000000000000e+02
6.400000000000000000e+01 0.000000000000000000e+00
3.200000000000000000e+01 9.600000000000000000e+01
1.760000000000000000e+02 6.400000000000000000e+01
9.600000000000000000e+01 1.760000000000000000e+02
1.280000000000000000e+02 2.240000000000000000e+02
1.920000000000000000e+02 1.920000000000000000e+02
8.000000000000000000e+01 1.280000000000000000e+02
9.051053619384765625e+01 2.036487121582031250e+02
6.400000000000000000e+01 0.000000000000000000e+00
6.400000000000000000e+01 1.280000000000000000e+02
2.400000000000000000e+02 9.600000000000000000e+01
6.400000000000000000e+01 3.200000000000000000e+01
9.049774169921875000e+01 9.049774169921875000e+01
6.400000000000000000e+01 1.920000000000000000e+02
0.000000000000000000e+00 1.280000000000000000e+02
9.600000000000000000e+01 3.200000000000000000e+01
1.280000000000000000e+02 1.920000000000000000e+02
9.051053619384765625e+01 4.525527191162109375e+01
9.051053619384765625e+01 1.810210876464843750e+02
6.788290405273437500e+01 4.525527191162109375e+01
1.600000000000000000e+02 2.240000000000000000e+02
6.788290405273437500e+01 2.036487121582031250e+02
1.760000000000000000e+02 1.120000000000000000e+02
1.280000000000000000e+02 1.120000000000000000e+02
8.000000000000000000e+01 1.120000000000000000e+02
6.400000000000000000e+01 1.600000000000000000e+02
9.600000000000000000e+01 2.080000000000000000e+02
1.760000000000000000e+02 1.280000000000000000e+02
2.400000000000000000e+02 2.400000000000000000e+02
1.131381759643554688e+02 2.262763519287109375e+02
1.280000000000000000e+02 6.400000000000000000e+01
1.440000000000000000e+02 1.280000000000000000e+02
1.120000000000000000e+02 2.240000000000000000e+02
9.051054382324218750e+01 1.357658081054687500e+02
6.400000000000000000e+01 1.280000000000000000e+02
9.600000000000000000e+01 2.240000000000000000e+02
1.357658081054687500e+02 2.262763519287109375e+02
3.200000000000000000e+01 8.000000000000000000e+01
0.000000000000000000e+00 9.049774169921875000e+01
6.788290405273437500e+01 1.357658081054687500e+02
1.280000000000000000e+02 6.400000000000000000e+01
0.000000000000000000e+00 1.920000000000000000e+02
1.760000000000000000e+02 4.800000000000000000e+01
6.788290405273437500e+01 6.788290405273437500e+01
9.600000000000000000e+01 1.280000000000000000e+02
9.600000000000000000e+01 1.920000000000000000e+02
2.240000000000000000e+02 2.240000000000000000e+02
2.400000000000000000e+02 1.920000000000000000e+02
1.440000000000000000e+02 8.000000000000000000e+01
6.400000000000000000e+01 1.920000000000000000e+02
6.788290405273437500e+01 1.131381759643554688e+02
6.788290405273437500e+01 2.262763214111328125e+01
9.600000000000000000e+01 1.920000000000000000e+02
1.131381759643554688e+02 2.036487121582031250e+02
4.800000000000000000e+01 8.000000000000000000e+01
1.440000000000000000e+02 1.440000000000000000e+02
1.280000000000000000e+02 1.280000000000000000e+02
1.600000000000000000e+02 3.200000000000000000e+01
8.000000000000000000e+01 6.400000000000000000e+01
1.600000000000000000e+02 2.240000000000000000e+02
1.357658081054687500e+02 1.357658081054687500e+02
9.600000000000000000e+01 4.800000000000000000e+01
9.600000000000000000e+01 1.280000000000000000e+02
1.583934478759765625e+02 0.000000000000000000e+00
1.810210876464843750e+02 6.788290405273437500e+01
9.600000000000000000e+01 1.600000000000000000e+02
1.280000000000000000e+02 1.280000000000000000e+02
9.049774169921875000e+01 1.809954833984375000e+02
6.400000000000000000e+01 1.920000000000000000e+02
1.760000000000000000e+02 2.400000000000000000e+02
1.920000000000000000e+02 1.600000000000000000e+01
9.049774169921875000e+01 9.049774169921875000e+01
1.440000000000000000e+02 1.760000000000000000e+02
1.810210876464843750e+02 2.262763214111328125e+01
6.400000000000000000e+01 1.280000000000000000e+02
6.400000000000000000e+01 1.120000000000000000e+02
4.525526428222656250e+01 2.262763519287109375e+02
6.400000000000000000e+01 3.200000000000000000e+01
1.280000000000000000e+02 0.000000000000000000e+00
9.049774169921875000e+01 0.000000000000000000e+00
6.788290405273437500e+01 4.525527191162109375e+01
6.400000000000000000e+01 2.400000000000000000e+02
1.280000000000000000e+02 1.920000000000000000e+02
6.400000000000000000e+01 4.800000000000000000e+01
4.800000000000000000e+01 1.120000000000000000e+02
6.400000000000000000e+01 9.600000000000000000e+01
6.400000000000000000e+01 6.400000000000000000e+01
0.000000000000000000e+00 1.280000000000000000e+02
6.788290405273437500e+01 2.262763519287109375e+02
6.400000000000000000e+01 2.240000000000000000e+02
6.400000000000000000e+01 1.600000000000000000e+02
6.400000000000000000e+01 6.400000000000000000e+01
4.800000000000000000e+01 1.280000000000000000e+02
1.920000000000000000e+02 0.000000000000000000e+00
9.051054382324218750e+01 2.262763519287109375e+02
4.525526428222656250e+01 1.357658081054687500e+02
4.525527191162109375e+01 9.051053619384765625e+01
1.920000000000000000e+02 3.200000000000000000e+01
4.525526428222656250e+01 9.051054382324218750e+01
6.400000000000000000e+01 8.000000000000000000e+01
8.000000000000000000e+01 1.600000000000000000e+01
4.525527191162109375e+01 1.131381759643554688e+02
3.200000000000000000e+01 1.760000000000000000e+02
4.800000000000000000e+01 9.600000000000000000e+01
9.051054382324218750e+01 1.810210723876953125e+02
1.280000000000000000e+02 1.760000000000000000e+02
4.525527191162109375e+01 1.583934478759765625e+02
1.600000000000000000e+02 1.760000000000000000e+02
6.400000000000000000e+01 3.200000000000000000e+01
4.525526428222656250e+01 4.525526428222656250e+01
6.400000000000000000e+01 2.240000000000000000e+02
1.760000000000000000e+02 1.760000000000000000e+02
6.400000000000000000e+01 1.920000000000000000e+02
1.357658081054687500e+02 1.810210876464843750e+02
8.000000000000000000e+01 3.200000000000000000e+01
4.800000000000000000e+01 6.400000000000000000e+01
1.600000000000000000e+02 2.240000000000000000e+02
9.600000000000000000e+01 1.920000000000000000e+02
1.280000000000000000e+02 1.920000000000000000e+02
9.051054382324218750e+01 4.525526428222656250e+01
1.280000000000000000e+02 1.600000000000000000e+02
4.525527191162109375e+01 6.788290405273437500e+01
8.000000000000000000e+01 2.400000000000000000e+02
1.810210876464843750e+02 2.262763519287109375e+02
2.400000000000000000e+02 2.400000000000000000e+02
6.788290405273437500e+01 9.051053619384765625e+01
1.760000000000000000e+02 1.600000000000000000e+02
9.051054382324218750e+01 1.357658081054687500e+02
1.600000000000000000e+02 1.600000000000000000e+02
6.788290405273437500e+01 2.489039916992187500e+02
6.400000000000000000e+01 9.600000000000000000e+01
1.810210723876953125e+02 2.262763519287109375e+02
9.600000000000000000e+01 2.400000000000000000e+02
6.400000000000000000e+01 0.000000000000000000e+00
2.400000000000000000e+02 1.120000000000000000e+02
8.000000000000000000e+01 4.800000000000000000e+01
6.400000000000000000e+01 1.760000000000000000e+02
1.280000000000000000e+02 1.280000000000000000e+02
1.810210723876953125e+02 0.000000000000000000e+00
6.400000000000000000e+01 6.400000000000000000e+01
3.200000000000000000e+01 6.400000000000000000e+01
2.400000000000000000e+02 1.440000000000000000e+02
6.788290405273437500e+01 6.788290405273437500e+01
2.400000000000000000e+02 1.280000000000000000e+02
4.525527191162109375e+01 4.525527191162109375e+01
9.051053619384765625e+01 2.036487121582031250e+02
4.800000000000000000e+01 1.920000000000000000e+02
4.800000000000000000e+01 8.000000000000000000e+01
6.788290405273437500e+01 1.583934478759765625e+02
1.120000000000000000e+02 1.920000000000000000e+02
1.920000000000000000e+02 2.240000000000000000e+02
1.920000000000000000e+02 0.000000000000000000e+00
9.051053619384765625e+01 2.262763214111328125e+01
1.920000000000000000e+02 2.400000000000000000e+02
4.525526428222656250e+01 1.810210723876953125e+02
1.120000000000000000e+02 2.400000000000000000e+02
1.357658081054687500e+02 2.262763519287109375e+02
1.440000000000000000e+02 1.920000000000000000e+02
4.800000000000000000e+01 2.240000000000000000e+02
1.583934478759765625e+02 1.810210876464843750e+02
6.788290405273437500e+01 1.131381759643554688e+02
4.525527191162109375e+01 2.262763519287109375e+02
1.920000000000000000e+02 1.760000000000000000e+02
1.920000000000000000e+02 0.000000000000000000e+00
1.760000000000000000e+02 2.240000000000000000e+02
4.800000000000000000e+01 2.080000000000000000e+02
4.800000000000000000e+01 4.800000000000000000e+01
9.600000000000000000e+01 1.600000000000000000e+02
1.810210876464843750e+02 2.489039916992187500e+02
1.120000000000000000e+02 3.200000000000000000e+01
1.280000000000000000e+02 1.920000000000000000e+02
1.809954833984375000e+02 0.000000000000000000e+00
1.440000000000000000e+02 1.600000000000000000e+02
1.280000000000000000e+02 1.280000000000000000e+02
1.357658081054687500e+02 1.810210723876953125e+02
6.788290405273437500e+01 2.262763214111328125e+01
1.810210876464843750e+02 0.000000000000000000e+00
8.000000000000000000e+01 1.600000000000000000e+02
0.000000000000000000e+00 9.049774169921875000e+01
3.200000000000000000e+01 1.920000000000000000e+02
1.357658081054687500e+02 1.357658081054687500e+02
9.051053619384765625e+01 1.583934478759765625e+02
1.760000000000000000e+02 1.920000000000000000e+02
2.240000000000000000e+02 2.240000000000000000e+02
6.788290405273437500e+01 2.036487121582031250e+02
9.051053619384765625e+01 1.810210876464843750e+02
6.400000000000000000e+01 1.600000000000000000e+02
3.200000000000000000e+01 2.240000000000000000e+02
9.600000000000000000e+01 3.200000000000000000e+01
4.525527191162109375e+01 1.357658081054687500e+02
1.120000000000000000e+02 9.600000000000000000e+01
1.120000000000000000e+02 1.760000000000000000e+02
1.600000000000000000e+02 1.600000000000000000e+02
1.920000000000000000e+02 1.120000000000000000e+02
4.800000000000000000e+01 1.600000000000000000e+02
9.600000000000000000e+01 2.240000000000000000e+02
1.357658081054687500e+02 1.357658081054687500e+02
6.788290405273437500e+01 1.810210876464843750e+02
4.800000000000000000e+01 1.440000000000000000e+02
4.525527191162109375e+01 2.036487121582031250e+02
3.200000000000000000e+01 1.600000000000000000e+02
1.131381759643554688e+02 4.525527191162109375e+01
9.600000000000000000e+01 1.120000000000000000e+02
3.200000000000000000e+01 1.280000000000000000e+02
1.810210876464843750e+02 1.810210876464843750e+02
2.240000000000000000e+02 2.400000000000000000e+02
8.000000000000000000e+01 2.400000000000000000e+02
9.051053619384765625e+01 2.262763214111328125e+01
9.600000000000000000e+01 3.200000000000000000e+01
1.280000000000000000e+02 1.280000000000000000e+02
8.000000000000000000e+01 3.200000000000000000e+01
9.049774169921875000e+01 9.049774169921875000e+01
6.788290405273437500e+01 2.262763214111328125e+01
6.400000000000000000e+01 2.240000000000000000e+02
1.600000000000000000e+02 1.920000000000000000e+02
9.600000000000000000e+01 1.600000000000000000e+01
9.051054382324218750e+01 2.262763519287109375e+02
9.600000000000000000e+01 3.200000000000000000e+01
9.051053619384765625e+01 2.489039916992187500e+02
9.600000000000000000e+01 2.400000000000000000e+02
8.000000000000000000e+01 2.080000000000000000e+02
6.400000000000000000e+01 2.400000000000000000e+02
1.280000000000000000e+02 1.280000000000000000e+02
9.051053619384765625e+01 9.051053619384765625e+01
9.600000000000000000e+01 9.600000000000000000e+01
6.788290405273437500e+01 2.489039916992187500e+02
9.049774169921875000e+01 1.809954833984375000e+02
6.400000000000000000e+01 3.200000000000000000e+01
9.051053619384765625e+01 2.262763519287109375e+02
9.600000000000000000e+01 2.240000000000000000e+02
6.400000000000000000e+01 3.200000000000000000e+01
6.400000000000000000e+01 1.280000000000000000e+02
6.400000000000000000e+01 1.600000000000000000e+01
1.280000000000000000e+02 6.400000000000000000e+01
9.600000000000000000e+01 8.000000000000000000e+01
8.000000000000000000e+01 1.760000000000000000e+02
9.051053619384765625e+01 1.583934478759765625e+02
8.000000000000000000e+01 9.600000000000000000e+01
8.000000000000000000e+01 1.120000000000000000e+02
9.051053619384765625e+01 6.788290405273437500e+01
9.051053619384765625e+01 1.131381759643554688e+02
9.600000000000000000e+01 1.920000000000000000e+02
6.400000000000000000e+01 0.000000000000000000e+00
1.280000000000000000e+02 1.920000000000000000e+02
9.051054382324218750e+01 9.051054382324218750e+01
9.051053619384765625e+01 1.810210876464843750e+02
8.000000000000000000e+01 1.600000000000000000e+02
1.583934478759765625e+02 2.262763214111328125e+01
1.280000000000000000e+02 0.000000000000000000e+00
9.600000000000000000e+01 9.600000000000000000e+01
9.600000000000000000e+01 0.000000000000000000e+00
8.000000000000000000e+01 1.600000000000000000e+01
6.400000000000000000e+01 1.440000000000000000e+02
9.600000000000000000e+01 4.800000000000000000e+01
4.800000000000000000e+01 1.440000000000000000e+02
1.920000000000000000e+02 1.920000000000000000e+02
9.051054382324218750e+01 1.357658081054687500e+02
1.280000000000000000e+02 0.000000000000000000e+00
9.051053619384765625e+01 2.036487121582031250e+02
1.357658081054687500e+02 9.051054382324218750e+01
1.600000000000000000e+02 1.600000000000000000e+02
6.788290405273437500e+01 2.036487121582031250e+02
9.600000000000000000e+01 6.400000000000000000e+01
9.051054382324218750e+01 0.000000000000000000e+00
6.400000000000000000e+01 1.920000000000000000e+02
1.120000000000000000e+02 3.200000000000000000e+01
1.280000000000000000e+02 2.240000000000000000e+02
9.600000000000000000e+01 1.600000000000000000e+02
1.357658081054687500e+02 2.036487121582031250e+02
6.400000000000000000e+01 6.400000000000000000e+01
9.600000000000000000e+01 1.280000000000000000e+02
9.051053619384765625e+01 4.525527191162109375e+01
6.788290405273437500e+01 2.262763519287109375e+02
6.400000000000000000e+01 1.280000000000000000e+02
1.583934478759765625e+02 1.583934478759765625e+02
1.440000000000000000e+02 1.440000000000000000e+02
1.920000000000000000e+02 3.200000000000000000e+01
6.400000000000000000e+01 9.600000000000000000e+01
1.920000000000000000e+02 4.800000000000000000e+01
6.788290405273437500e+01 9.051053619384765625e+01
1.583934478759765625e+02 0.000000000000000000e+00
4.525526428222656250e+01 2.262763519287109375e+02
9.600000000000000000e+01 6.400000000000000000e+01
1.131381759643554688e+02 1.810210876464843750e+02
1.600000000000000000e+02 0.000000000000000000e+00
1.600000000000000000e+02 1.600000000000000000e+01
6.400000000000000000e+01 1.920000000000000000e+02
1.440000000000000000e+02 1.920000000000000000e+02
1.280000000000000000e+02 1.440000000000000000e+02
6.788290405273437500e+01 1.357658081054687500e+02
1.920000000000000000e+02 1.600000000000000000e+01
1.280000000000000000e+02 2.400000000000000000e+02
6.400000000000000000e+01 1.760000000000000000e+02
8.000000000000000000e+01 8.000000000000000000e+01
1.440000000000000000e+02 2.400000000000000000e+02
9.600000000000000000e+01 1.600000000000000000e+02
6.788290405273437500e+01 1.131381759643554688e+02
1.120000000000000000e+02 1.600000000000000000e+01
9.600000000000000000e+01 1.760000000000000000e+02
9.600000000000000000e+01 1.920000000000000000e+02
8.000000000000000000e+01 1.280000000000000000e+02
1.583934478759765625e+02 1.357658081054687500e+02
1.600000000000000000e+02 1.440000000000000000e+02
9.600000000000000000e+01 2.240000000000000000e+02
9.600000000000000000e+01 2.400000000000000000e+02
6.788290405273437500e+01 1.131381759643554688e+02
6.400000000000000000e+01 1.440000000000000000e+02
9.051053619384765625e+01 2.489039916992187500e+02
6.788290405273437500e+01 1.357658081054687500e+02
9.600000000000000000e+01 1.760000000000000000e+02
6.400000000000000000e+01 1.280000000000000000e+02
1.760000000000000000e+02 1.440000000000000000e+02
1.810210876464843750e+02 1.357658081054687500e+02
9.051053619384765625e+01 1.583934478759765625e+02
1.760000000000000000e+02 1.280000000000000000e+02
9.051054382324218750e+01 4.525526428222656250e+01
9.600000000000000000e+01 0.000000000000000000e+00
6.400000000000000000e+01 6.400000000000000000e+01
9.600000000000000000e+01 2.240000000000000000e+02
9.600000000000000000e+01 1.920000000000000000e+02
9.051053619384765625e+01 2.262763214111328125e+01
6.400000000000000000e+01 1.120000000000000000e+02
8.000000000000000000e+01 0.000000000000000000e+00
1.583934478759765625e+02 1.357658081054687500e+02
8.000000000000000000e+01 1.600000000000000000e+02
9.600000000000000000e+01 3.200000000000000000e+01
9.051054382324218750e+01 2.262763519287109375e+02
9.600000000000000000e+01 1.600000000000000000e+02
6.400000000000000000e+01 1.280000000000000000e+02
9.051054382324218750e+01 9.051054382324218750e+01
9.051054382324218750e+01 0.000000000000000000e+00
9.051053619384765625e+01 1.357658081054687500e+02
1.280000000000000000e+02 1.280000000000000000e+02
1.920000000000000000e+02 1.440000000000000000e+02
9.600000000000000000e+01 3.200000000000000000e+01
9.600000000000000000e+01 4.800000000000000000e+01
1.760000000000000000e+02 0.000000000000000000e+00
9.600000000000000000e+01 1.600000000000000000e+02
9.049774169921875000e+01 1.809954833984375000e+02
9.600000000000000000e+01 1.600000000000000000e+01
8.000000000000000000e+01 1.440000000000000000e+02
9.051053619384765625e+01 1.810210876464843750e+02
1.600000000000000000e+02 1.280000000000000000e+02
6.400000000000000000e+01 1.920000000000000000e+02
6.400000000000000000e+01 9.600000000000000000e+01
8.000000000000000000e+01 2.400000000000000000e+02
9.049774169921875000e+01 0.000000000000000000e+00
1.600000000000000000e+02 1.440000000000000000e+02
1.280000000000000000e+02 0.000000000000000000e+00
9.600000000000000000e+01 6.400000000000000000e+01
1.810210876464843750e+02 1.583934478759765625e+02
6.400000000000000000e+01 1.280000000000000000e+02
1.280000000000000000e+02 2.240000000000000000e+02
6.788290405273437500e+01 9.051053619384765625e+01
1.120000000000000000e+02 2.400000000000000000e+02
8.000000000000000000e+01 1.280000000000000000e+02
9.051053619384765625e+01 0.000000000000000000e+00
9.051053619384765625e+01 1.131381759643554688e+02
9.051053619384765625e+01 4.525527191162109375e+01
1.600000000000000000e+02 1.280000000000000000e+02
8.000000000000000000e+01 1.120000000000000000e+02
9.600000000000000000e+01 0.000000000000000000e+00
6.400000000000000000e+01 1.600000000000000000e+02
9.600000000000000000e+01 9.600000000000000000e+01
9.051054382324218750e+01 1.810210723876953125e+02
9.600000000000000000e+01 9.600000000000000000e+01
9.051053619384765625e+01 2.262763519287109375e+02
1.583934478759765625e+02 0.000000000000000000e+00
1.280000000000000000e+02 1.920000000000000000e+02
9.600000000000000000e+01 1.440000000000000000e+02
6.400000000000000000e+01 0.000000000000000000e+00
9.600000000000000000e+01 1.280000000000000000e+02
9.051054382324218750e+01 1.357658081054687500e+02
1.357658081054687500e+02 1.810210723876953125e+02
8.000000000000000000e+01 1.600000000000000000e+01
8.000000000000000000e+01 9.600000000000000000e+01
8.000000000000000000e+01 1.760000000000000000e+02
1.357658081054687500e+02 2.489039916992187500e+02
9.600000000000000000e+01 2.080000000000000000e+02
1.131381759643554688e+02 2.262763214111328125e+01
1.440000000000000000e+02 2.400000000000000000e+02
9.600000000000000000e+01 6.400000000000000000e+01
9.049774169921875000e+01 9.049774169921875000e+01
9.051053619384765625e+01 6.788290405273437500e+01
0.000000000000000000e+00 1.280000000000000000e+02
8.000000000000000000e+01 3.200000000000000000e+01
2.240000000000000000e+02 2.240000000000000000e+02
6.400000000000000000e+01 9.600000000000000000e+01
1.357658081054687500e+02 1.131381759643554688e+02
1.131381759643554688e+02 2.036487121582031250e+02
1.120000000000000000e+02 3.200000000000000000e+01
1.357658081054687500e+02 2.262763519287109375e+02
1.600000000000000000e+02 0.000000000000000000e+00
1.120000000000000000e+02 1.120000000000000000e+02
9.051053619384765625e+01 9.051053619384765625e+01
8.000000000000000000e+01 8.000000000000000000e+01
6.400000000000000000e+01 3.200000000000000000e+01
1.280000000000000000e+02 6.400000000000000000e+01
1.280000000000000000e+02 1.600000000000000000e+02
9.051053619384765625e+01 2.036487121582031250e+02
1.760000000000000000e+02 1.600000000000000000e+02
1.920000000000000000e+02 1.280000000000000000e+02
1.280000000000000000e+02 1.280000000000000000e+02
1.280000000000000000e+02 2.400000000000000000e+02
2.240000000000000000e+02 2.400000000000000000e+02
2.400000000000000000e+02 3.200000000000000000e+01
1.600000000000000000e+02 2.240000000000000000e+02
6.400000000000000000e+01 1.600000000000000000e+02
6.788290405273437500e+01 0.000000000000000000e+00
9.600000000000000000e+01 1.920000000000000000e+02
1.440000000000000000e+02 1.280000000000000000e+02
1.583934478759765625e+02 2.036487121582031250e+02
3.200000000000000000e+01 1.440000000000000000e+02
3.200000000000000000e+01 9.600000000000000000e+01
9.051054382324218750e+01 2.262763519287109375e+02
1.600000000000000000e+02 1.440000000000000000e+02
1.583934478759765625e+02 1.357658081054687500e+02
2.262763214111328125e+01 9.051053619384765625e+01
6.788290405273437500e+01 0.000000000000000000e+00
3.200000000000000000e+01 9.600000000000000000e+01
6.400000000000000000e+01 1.600000000000000000e+02
3.200000000000000000e+01 1.600000000000000000e+02
6.400000000000000000e+01 0.000000000000000000e+00
8.000000000000000000e+01 2.400000000000000000e+02
4.525527191162109375e+01 1.583934478759765625e+02
3.200000000000000000e+01 1.600000000000000000e+02
6.400000000000000000e+01 3.200000000000000000e+01
4.525527191162109375e+01 1.357658081054687500e+02
4.525526428222656250e+01 1.357658081054687500e+02
1.600000000000000000e+02 1.280000000000000000e+02
1.810210723876953125e+02 1.357658081054687500e+02
3.200000000000000000e+01 1.280000000000000000e+02
6.400000000000000000e+01 2.240000000000000000e+02
6.400000000000000000e+01 6.400000000000000000e+01
1.760000000000000000e+02 1.440000000000000000e+02
2.400000000000000000e+02 2.400000000000000000e+02
6.400000000000000000e+01 1.280000000000000000e+02
9.049774169921875000e+01 1.809954833984375000e+02
6.400000000000000000e+01 1.920000000000000000e+02
1.280000000000000000e+02 0.000000000000000000e+00
9.600000000000000000e+01 2.240000000000000000e+02
6.400000000000000000e+01 1.920000000000000000e+02
0.000000000000000000e+00 1.280000000000000000e+02
3.200000000000000000e+01 1.120000000000000000e+02
6.400000000000000000e+01 0.000000000000000000e+00
6.788290405273437500e+01 1.810210876464843750e+02
1.600000000000000000e+02 1.280000000000000000e+02
2.262763214111328125e+01 1.357658081054687500e+02
0.000000000000000000e+00 9.049774169921875000e+01
1.810210876464843750e+02 1.357658081054687500e+02
2.262763214111328125e+01 1.131381759643554688e+02
1.810210876464843750e+02 1.583934478759765625e+02
4.525527191162109375e+01 1.131381759643554688e+02
3.200000000000000000e+01 1.280000000000000000e+02
1.583934478759765625e+02 1.583934478759765625e+02
1.280000000000000000e+02 1.920000000000000000e+02
4.800000000000000000e+01 1.440000000000000000e+02
4.525526428222656250e+01 4.525526428222656250e+01
1.440000000000000000e+02 1.280000000000000000e+02
1.920000000000000000e+02 1.600000000000000000e+02
6.788290405273437500e+01 2.262763214111328125e+01
6.400000000000000000e+01 0.000000000000000000e+00
1.440000000000000000e+02 1.440000000000000000e+02
1.280000000000000000e+02 1.280000000000000000e+02
8.000000000000000000e+01 2.080000000000000000e+02
6.788290405273437500e+01 1.583934478759765625e+02
6.400000000000000000e+01 1.760000000000000000e+02
6.788290405273437500e+01 2.036487121582031250e+02
4.525526428222656250e+01 1.810210723876953125e+02
6.400000000000000000e+01 1.280000000000000000e+02
6.400000000000000000e+01 1.920000000000000000e+02
1.920000000000000000e+02 1.280000000000000000e+02
1.600000000000000000e+02 1.600000000000000000e+02
1.600000000000000000e+02 1.600000000000000000e+02
4.800000000000000000e+01 1.600000000000000000e+02
4.525526428222656250e+01 9.051054382324218750e+01
4.800000000000000000e+01 0.000000000000000000e+00
4.525526428222656250e+01 0.000000000000000000e+00
4.525527191162109375e+01 1.810210876464843750e+02
2.262763214111328125e+01 1.583934478759765625e+02
4.800000000000000000e+01 6.400000000000000000e+01
9.051054382324218750e+01 4.525526428222656250e+01
1.760000000000000000e+02 1.280000000000000000e+02
4.800000000000000000e+01 1.600000000000000000e+01
1.760000000000000000e+02 1.600000000000000000e+02
4.525526428222656250e+01 2.262763519287109375e+02
6.788290405273437500e+01 4.525527191162109375e+01
6.400000000000000000e+01 3.200000000000000000e+01
9.049774169921875000e+01 0.000000000000000000e+00
8.000000000000000000e+01 0.000000000000000000e+00
6.400000000000000000e+01 1.440000000000000000e+02
4.525527191162109375e+01 0.000000000000000000e+00
6.788290405273437500e+01 2.262763519287109375e+02
1.280000000000000000e+02 8.000000000000000000e+01
1.280000000000000000e+02 2.240000000000000000e+02
6.400000000000000000e+01 2.240000000000000000e+02
6.788290405273437500e+01 1.357658081054687500e+02
6.400000000000000000e+01 1.600000000000000000e+02
1.760000000000000000e+02 2.240000000000000000e+02
1.440000000000000000e+02 9.600000000000000000e+01
1.440000000000000000e+02 2.240000000000000000e+02
1.120000000000000000e+02 2.400000000000000000e+02
1.810210876464843750e+02 1.131381759643554688e+02
4.525527191162109375e+01 9.051053619384765625e+01
4.800000000000000000e+01 1.280000000000000000e+02
1.760000000000000000e+02 2.400000000000000000e+02
4.525527191162109375e+01 2.262763214111328125e+01
6.400000000000000000e+01 8.000000000000000000e+01
2.240000000000000000e+02 2.400000000000000000e+02
4.800000000000000000e+01 1.120000000000000000e+02
1.583934478759765625e+02 1.131381759643554688e+02
1.920000000000000000e+02 1.280000000000000000e+02
6.400000000000000000e+01 1.280000000000000000e+02
0.000000000000000000e+00 6.400000000000000000e+01
0.000000000000000000e+00 1.280000000000000000e+02
0.000000000000000000e+00 9.049774169921875000e+01
3.200000000000000000e+01 1.280000000000000000e+02
4.525527191162109375e+01 1.357658081054687500e+02
0.000000000000000000e+00 9.051054382324218750e+01
3.200000000000000000e+01 6.400000000000000000e+01
0.000000000000000000e+00 1.809954833984375000e+02
0.000000000000000000e+00 1.920000000000000000e+02
1.600000000000000000e+01 4.800000000000000000e+01
0.000000000000000000e+00 1.280000000000000000e+02
4.525527191162109375e+01 1.131381759643554688e+02
2.400000000000000000e+02 3.200000000000000000e+01
2.262763214111328125e+01 4.525527191162109375e+01
6.400000000000000000e+01 1.280000000000000000e+02
2.262763214111328125e+01 9.051053619384765625e+01
2.400000000000000000e+02 1.600000000000000000e+01
2.400000000000000000e+02 0.000000000000000000e+00
3.200000000000000000e+01 9.600000000000000000e+01
0.000000000000000000e+00 6.400000000000000000e+01
6.788290405273437500e+01 1.357658081054687500e+02
0.000000000000000000e+00 4.525526428222656250e+01
6.400000000000000000e+01 1.440000000000000000e+02
0.000000000000000000e+00 4.800000000000000000e+01
0.000000000000000000e+00 0.000000000000000000e+00
2.262763214111328125e+01 6.788290405273437500e+01
4.525526428222656250e+01 1.357658081054687500e+02
4.525526428222656250e+01 9.051054382324218750e+01
0.000000000000000000e+00 6.788290405273437500e+01
4.800000000000000000e+01 1.280000000000000000e+02
3.200000000000000000e+01 1.280000000000000000e+02
4.525527191162109375e+01 6.788290405273437500e+01
0.000000000000000000e+00 0.000000000000000000e+00
0.000000000000000000e+00 4.525527191162109375e+01
0.000000000000000000e+00 2.400000000000000000e+02
6.400000000000000000e+01 1.280000000000000000e+02
1.600000000000000000e+01 9.600000000000000000e+01
0.000000000000000000e+00 9.051053619384765625e+01
4.800000000000000000e+01 6.400000000000000000e+01
3.200000000000000000e+01 2.080000000000000000e+02
1.280000000000000000e+02 1.280000000000000000e+02
4.800000000000000000e+01 1.440000000000000000e+02
3.200000000000000000e+01 9.600000000000000000e+01
1.600000000000000000e+01 8.000000000000000000e+01
0.000000000000000000e+00 9.600000000000000000e+01
0.000000000000000000e+00 1.357658081054687500e+02
2.262763214111328125e+01 1.357658081054687500e+02
0.000000000000000000e+00 6.400000000000000000e+01
3.200000000000000000e+01 4.800000000000000000e+01
4.525527191162109375e+01 9.051053619384765625e+01
0.000000000000000000e+00 9.600000000000000000e+01
8.000000000000000000e+01 3.200000000000000000e+01
4.800000000000000000e+01 1.120000000000000000e+02
1.600000000000000000e+01 1.920000000000000000e+02
8.000000000000000000e+01 2.400000000000000000e+02
3.200000000000000000e+01 3.200000000000000000e+01
4.525527191162109375e+01 2.262763214111328125e+01
3.200000000000000000e+01 6.400000000000000000e+01
2.262763214111328125e+01 1.131381759643554688e+02
0.000000000000000000e+00 1.131381759643554688e+02
1.600000000000000000e+01 6.400000000000000000e+01
2.262763519287109375e+02 0.000000000000000000e+00
6.400000000000000000e+01 1.920000000000000000e+02
1.600000000000000000e+01 1.280000000000000000e+02
4.525526428222656250e+01 0.000000000000000000e+00
0.000000000000000000e+00 8.000000000000000000e+01
1.131381759643554688e+02 1.810210876464843750e+02
2.240000000000000000e+02 0.000000000000000000e+00
0.000000000000000000e+00 1.810210723876953125e+02
6.788290405273437500e+01 0.000000000000000000e+00
6.400000000000000000e+01 2.400000000000000000e+02
4.525526428222656250e+01 2.262763519287109375e+02
1.120000000000000000e+02 1.760000000000000000e+02
6.400000000000000000e+01 0.000000000000000000e+00
6.400000000000000000e+01 1.280000000000000000e+02
2.262763214111328125e+01 2.036487121582031250e+02
4.800000000000000000e+01 2.080000000000000000e+02
2.262763214111328125e+01 2.262763214111328125e+01
4.800000000000000000e+01 8.000000000000000000e+01
0.000000000000000000e+00 1.357658081054687500e+02
2.262763519287109375e+02 0.000000000000000000e+00
3.200000000000000000e+01 1.440000000000000000e+02
3.200000000000000000e+01 1.120000000000000000e+02
0.000000000000000000e+00 2.489039916992187500e+02
0.000000000000000000e+00 1.600000000000000000e+02
0.000000000000000000e+00 0.000000000000000000e+00
4.800000000000000000e+01 1.600000000000000000e+01
9.600000000000000000e+01 2.240000000000000000e+02
3.200000000000000000e+01 8.000000000000000000e+01
2.489039916992187500e+02 0.000000000000000000e+00
0.000000000000000000e+00 1.583934478759765625e+02
1.600000000000000000e+01 1.120000000000000000e+02
2.489039916992187500e+02 2.262763214111328125e+01
3.200000000000000000e+01 1.600000000000000000e+01
0.000000000000000000e+00 1.280000000000000000e+02
3.200000000000000000e+01 0.000000000000000000e+00
4.525526428222656250e+01 1.810210723876953125e+02
6.400000000000000000e+01 2.240000000000000000e+02
9.051054382324218750e+01 2.262763519287109375e+02
4.525527191162109375e+01 1.583934478759765625e+02
3.200000000000000000e+01 2.240000000000000000e+02
8.000000000000000000e+01 1.440000000000000000e+02
0.000000000000000000e+00 3.200000000000000000e+01
8.000000000000000000e+01 1.920000000000000000e+02
3.200000000000000000e+01 1.920000000000000000e+02
1.600000000000000000e+01 1.600000000000000000e+01
6.788290405273437500e+01 1.131381759643554688e+02
0.000000000000000000e+00 2.262763214111328125e+01
1.280000000000000000e+02 8.000000000000000000e+01
6.400000000000000000e+01 1.600000000000000000e+01
4.525527191162109375e+01 4.525527191162109375e+01
9.049774169921875000e+01 1.809954833984375000e+02
4.800000000000000000e+01 2.240000000000000000e+02
9.600000000000000000e+01 1.600000000000000000e+02
1.600000000000000000e+01 1.440000000000000000e+02
6.788290405273437500e+01 2.262763214111328125e+01
6.400000000000000000e+01 2.240000000000000000e+02
1.280000000000000000e+02 1.600000000000000000e+02
8.000000000000000000e+01 1.280000000000000000e+02
1.600000000000000000e+01 0.000000000000000000e+00
0.000000000000000000e+00 1.600000000000000000e+01
6.400000000000000000e+01 1.120000000000000000e+02
0.000000000000000000e+00 1.600000000000000000e+02
2.262763214111328125e+01 1.583934478759765625e+02
8.000000000000000000e+01 9.600000000000000000e+01
1.357658081054687500e+02 2.262763519287109375e+02
2.400000000000000000e+02 4.800000000000000000e+01
1.280000000000000000e+02 2.240000000000000000e+02
0.000000000000000000e+00 1.120000000000000000e+02
8.000000000000000000e+01 1.760000000000000000e+02
1.920000000000000000e+02 0.000000000000000000e+00
6.400000000000000000e+01 1.760000000000000000e+02
3.200000000000000000e+01 3.200000000000000000e+01
0.000000000000000000e+00 0.000000000000000000e+00
1.280000000000000000e+02 9.600000000000000000e+01
1.600000000000000000e+01 2.400000000000000000e+02
9.051054382324218750e+01 9.051054382324218750e+01
4.800000000000000000e+01 2.400000000000000000e+02
9.600000000000000000e+01 1.760000000000000000e+02
4.800000000000000000e+01 9.600000000000000000e+01
4.525526428222656250e+01 4.525526428222656250e+01
1.357658081054687500e+02 1.583934478759765625e+02
6.788290405273437500e+01 2.489039916992187500e+02
1.131381759643554688e+02 1.583934478759765625e+02
3.200000000000000000e+01 1.600000000000000000e+02
6.400000000000000000e+01 6.400000000000000000e+01
0.000000000000000000e+00 1.440000000000000000e+02
9.600000000000000000e+01 1.920000000000000000e+02
8.000000000000000000e+01 1.600000000000000000e+01
1.280000000000000000e+02 1.920000000000000000e+02
1.600000000000000000e+02 1.280000000000000000e+02
2.080000000000000000e+02 0.000000000000000000e+00
1.357658081054687500e+02 1.357658081054687500e+02
2.240000000000000000e+02 0.000000000000000000e+00
4.525527191162109375e+01 2.036487121582031250e+02
2.240000000000000000e+02 1.600000000000000000e+01
1.600000000000000000e+01 3.200000000000000000e+01
2.262763214111328125e+01 1.810210876464843750e+02
4.525527191162109375e+01 1.810210876464843750e+02
9.600000000000000000e+01 6.400000000000000000e+01
1.920000000000000000e+02 8.000000000000000000e+01
8.000000000000000000e+01 6.400000000000000000e+01
6.400000000000000000e+01 1.600000000000000000e+02
8.000000000000000000e+01 0.000000000000000000e+00
1.440000000000000000e+02 6.400000000000000000e+01
1.440000000000000000e+02 8.000000000000000000e+01
1.357658081054687500e+02 1.810210876464843750e+02
0.000000000000000000e+00 2.262763519287109375e+02
1.600000000000000000e+01 1.600000000000000000e+02
1.583934478759765625e+02 6.788290405273437500e+01
6.788290405273437500e+01 2.262763519287109375e+02
1.120000000000000000e+02 2.080000000000000000e+02
1.600000000000000000e+02 6.400000000000000000e+01
1.600000000000000000e+02 1.600000000000000000e+02
9.049774169921875000e+01 9.049774169921875000e+01
1.600000000000000000e+02 8.000000000000000000e+01
3.200000000000000000e+01 1.600000000000000000e+02
3.200000000000000000e+01 0.000000000000000000e+00
6.788290405273437500e+01 1.583934478759765625e+02
4.800000000000000000e+01 3.200000000000000000e+01
4.525527191162109375e+01 2.262763519287109375e+02
2.262763519287109375e+02 2.262763214111328125e+01
9.600000000000000000e+01 2.400000000000000000e+02
6.400000000000000000e+01 1.600000000000000000e+02
0.000000000000000000e+00 1.280000000000000000e+02
3.200000000000000000e+01 1.600000000000000000e+02
0.000000000000000000e+00 1.809954833984375000e+02
0.000000000000000000e+00 1.280000000000000000e+02
2.262763214111328125e+01 1.357658081054687500e+02
0.000000000000000000e+00 1.357658081054687500e+02
0.000000000000000000e+00 1.810210723876953125e+02
2.262763214111328125e+01 1.583934478759765625e+02
0.000000000000000000e+00 9.051054382324218750e+01
0.000000000000000000e+00 1.920000000000000000e+02
0.000000000000000000e+00 1.600000000000000000e+02
0.000000000000000000e+00 9.049774169921875000e+01
0.000000000000000000e+00 9.600000000000000000e+01
0.000000000000000000e+00 4.525527191162109375e+01
0.000000000000000000e+00 4.525526428222656250e+01
0.000000000000000000e+00 3.200000000000000000e+01
0.000000000000000000e+00 1.357658081054687500e+02
0.000000000000000000e+00 6.788290405273437500e+01
4.800000000000000000e+01 1.760000000000000000e+02
0.000000000000000000e+00 1.280000000000000000e+02
2.262763214111328125e+01 1.810210876464843750e+02
6.400000000000000000e+01 2.400000000000000000e+02
1.600000000000000000e+01 3.200000000000000000e+01
0.000000000000000000e+00 6.400000000000000000e+01
3.200000000000000000e+01 1.920000000000000000e+02
6.400000000000000000e+01 2.240000000000000000e+02
1.600000000000000000e+01 1.760000000000000000e+02
0.000000000000000000e+00 2.262763214111328125e+01
0.000000000000000000e+00 6.400000000000000000e+01
3.200000000000000000e+01 2.240000000000000000e+02
0.000000000000000000e+00 1.280000000000000000e+02
0.000000000000000000e+00 1.583934478759765625e+02
3.200000000000000000e+01 1.280000000000000000e+02
1.600000000000000000e+02 4.800000000000000000e+01
4.800000000000000000e+01 2.400000000000000000e+02
4.525526428222656250e+01 1.810210723876953125e+02
8.000000000000000000e+01 4.800000000000000000e+01
4.525526428222656250e+01 1.357658081054687500e+02
3.200000000000000000e+01 1.760000000000000000e+02
0.000000000000000000e+00 6.400000000000000000e+01
4.525527191162109375e+01 1.810210876464843750e+02
1.583934478759765625e+02 4.525527191162109375e+01
9.600000000000000000e+01 2.240000000000000000e+02
0.000000000000000000e+00 2.262763519287109375e+02
0.000000000000000000e+00 1.440000000000000000e+02
1.760000000000000000e+02 4.800000000000000000e+01
1.920000000000000000e+02 4.800000000000000000e+01
3.200000000000000000e+01 1.600000000000000000e+02
0.000000000000000000e+00 1.131381759643554688e+02
0.000000000000000000e+00 9.051053619384765625e+01
0.000000000000000000e+00 3.200000000000000000e+01
1.600000000000000000e+01 1.600000000000000000e+02
0.000000000000000000e+00 4.800000000000000000e+01
1.810210876464843750e+02 4.525527191162109375e+01
1.600000000000000000e+01 1.280000000000000000e+02
0.000000000000000000e+00 1.600000000000000000e+02
1.600000000000000000e+01 6.400000000000000000e+01
2.262763214111328125e+01 1.131381759643554688e+02
0.000000000000000000e+00 2.240000000000000000e+02
1.120000000000000000e+02 2.400000000000000000e+02
8.000000000000000000e+01 2.400000000000000000e+02
1.120000000000000000e+02 2.240000000000000000e+02
1.440000000000000000e+02 4.800000000000000000e+01
4.525526428222656250e+01 2.262763519287109375e+02
1.131381759643554688e+02 1.131381759643554688e+02
0.000000000000000000e+00 1.760000000000000000e+02
0.000000000000000000e+00 1.920000000000000000e+02
1.131381759643554688e+02 2.262763519287109375e+02
6.400000000000000000e+01 2.240000000000000000e+02
1.600000000000000000e+01 4.800000000000000000e+01
3.200000000000000000e+01 1.440000000000000000e+02
6.788290405273437500e+01 4.525527191162109375e+01
6.400000000000000000e+01 1.920000000000000000e+02
1.600000000000000000e+01 1.600000000000000000e+01
0.000000000000000000e+00 8.000000000000000000e+01
1.600000000000000000e+01 1.440000000000000000e+02
4.525527191162109375e+01 1.583934478759765625e+02
1.600000000000000000e+01 8.000000000000000000e+01
1.280000000000000000e+02 1.280000000000000000e+02
1.280000000000000000e+02 6.400000000000000000e+01
4.525527191162109375e+01 2.262763519287109375e+02
9.600000000000000000e+01 2.080000000000000000e+02
0.000000000000000000e+00 1.600000000000000000e+01
2.262763214111328125e+01 2.262763519287109375e+02
1.600000000000000000e+01 2.400000000000000000e+02
4.800000000000000000e+01 2.240000000000000000e+02
8.000000000000000000e+01 1.440000000000000000e+02
9.051053619384765625e+01 2.036487121582031250e+02
6.400000000000000000e+01 1.280000000000000000e+02
9.051054382324218750e+01 4.525526428222656250e+01
1.920000000000000000e+02 2.400000000000000000e+02
1.280000000000000000e+02 1.920000000000000000e+02
1.809954833984375000e+02 1.809954833984375000e+02
6.400000000000000000e+01 3.200000000000000000e+01
1.600000000000000000e+01 9.600000000000000000e+01
6.400000000000000000e+01 4.800000000000000000e+01
2.080000000000000000e+02 2.400000000000000000e+02
1.920000000000000000e+02 1.600000000000000000e+02
1.600000000000000000e+01 2.080000000000000000e+02
1.600000000000000000e+01 1.120000000000000000e+02
1.280000000000000000e+02 9.600000000000000000e+01
1.920000000000000000e+02 2.240000000000000000e+02
6.400000000000000000e+01 1.920000000000000000e+02
0.000000000000000000e+00 9.600000000000000000e+01
6.400000000000000000e+01 1.440000000000000000e+02
9.600000000000000000e+01 2.400000000000000000e+02
1.280000000000000000e+02 1.440000000000000000e+02
2.262763214111328125e+01 2.036487121582031250e+02
6.788290405273437500e+01 2.262763519287109375e+02
6.400000000000000000e+01 1.600000000000000000e+02
0.000000000000000000e+00 1.120000000000000000e+02
4.525526428222656250e+01 9.051054382324218750e+01
4.525527191162109375e+01 6.788290405273437500e+01
2.262763214111328125e+01 9.051053619384765625e+01
1.120000000000000000e+02 9.600000000000000000e+01
3.200000000000000000e+01 9.600000000000000000e+01
9.600000000000000000e+01 1.920000000000000000e+02
1.357658081054687500e+02 1.810210723876953125e+02
1.920000000000000000e+02 3.200000000000000000e+01
6.400000000000000000e+01 1.600000000000000000e+02
6.400000000000000000e+01 1.760000000000000000e+02
4.800000000000000000e+01 1.440000000000000000e+02
9.051053619384765625e+01 2.262763519287109375e+02
1.357658081054687500e+02 1.131381759643554688e+02
1.280000000000000000e+02 1.120000000000000000e+02
4.525527191162109375e+01 1.357658081054687500e+02
2.036487121582031250e+02 2.489039916992187500e+02
1.600000000000000000e+02 6.400000000000000000e+01
4.800000000000000000e+01 1.600000000000000000e+01
3.200000000000000000e+01 2.080000000000000000e+02
3.200000000000000000e+01 2.240000000000000000e+02
1.600000000000000000e+01 1.920000000000000000e+02
9.600000000000000000e+01 2.240000000000000000e+02
9.600000000000000000e+01 1.920000000000000000e+02
4.525527191162109375e+01 2.489039916992187500e+02
9.051054382324218750e+01 2.262763519287109375e+02
4.525527191162109375e+01 9.051053619384765625e+01
9.049774169921875000e+01 1.809954833984375000e+02
1.440000000000000000e+02 9.600000000000000000e+01
1.120000000000000000e+02 1.120000000000000000e+02
6.788290405273437500e+01 1.357658081054687500e+02
1.440000000000000000e+02 3.200000000000000000e+01
9.051053619384765625e+01 4.525527191162109375e+01
1.357658081054687500e+02 9.051053619384765625e+01
4.800000000000000000e+01 3.200000000000000000e+01
4.800000000000000000e+01 4.800000000000000000e+01
3.200000000000000000e+01 2.400000000000000000e+02
6.788290405273437500e+01 2.489039916992187500e+02
1.280000000000000000e+02 1.280000000000000000e+02
9.600000000000000000e+01 6.400000000000000000e+01
4.800000000000000000e+01 6.400000000000000000e+01
9.051053619384765625e+01 6.788290405273437500e+01
3.200000000000000000e+01 1.280000000000000000e+02
8.000000000000000000e+01 1.280000000000000000e+02
4.800000000000000000e+01 0.000000000000000000e+00
1.120000000000000000e+02 3.200000000000000000e+01
9.051053619384765625e+01 1.810210876464843750e+02
1.583934478759765625e+02 2.262763214111328125e+01
1.357658081054687500e+02 6.788290405273437500e+01
2.036487121582031250e+02 4.525527191162109375e+01
1.357658081054687500e+02 2.262763519287109375e+02
0.000000000000000000e+00 1.810210876464843750e+02
4.800000000000000000e+01 1.600000000000000000e+02
6.400000000000000000e+01 9.600000000000000000e+01
0.000000000000000000e+00 0.000000000000000000e+00
1.600000000000000000e+02 3.200000000000000000e+01
2.080000000000000000e+02 4.800000000000000000e+01
6.400000000000000000e+01 1.120000000000000000e+02
9.600000000000000000e+01 0.000000000000000000e+00
9.051053619384765625e+01 0.000000000000000000e+00
9.049774169921875000e+01 1.809954833984375000e+02
6.400000000000000000e+01 1.920000000000000000e+02
1.120000000000000000e+02 0.000000000000000000e+00
6.400000000000000000e+01 1.280000000000000000e+02
1.600000000000000000e+02 2.400000000000000000e+02
1.280000000000000000e+02 1.280000000000000000e+02
9.049774169921875000e+01 9.049774169921875000e+01
9.600000000000000000e+01 3.200000000000000000e+01
6.400000000000000000e+01 6.400000000000000000e+01
9.600000000000000000e+01 4.800000000000000000e+01
1.131381759643554688e+02 0.000000000000000000e+00
1.600000000000000000e+02 1.600000000000000000e+02
6.400000000000000000e+01 1.280000000000000000e+02
9.051053619384765625e+01 4.525527191162109375e+01
1.760000000000000000e+02 1.600000000000000000e+02
6.788290405273437500e+01 1.583934478759765625e+02
9.051053619384765625e+01 6.788290405273437500e+01
9.051053619384765625e+01 2.262763214111328125e+01
9.051054382324218750e+01 9.051054382324218750e+01
1.583934478759765625e+02 1.583934478759765625e+02
9.600000000000000000e+01 1.600000000000000000e+01
8.000000000000000000e+01 1.440000000000000000e+02
1.120000000000000000e+02 1.600000000000000000e+01
9.051054382324218750e+01 1.810210723876953125e+02
6.400000000000000000e+01 1.600000000000000000e+02
1.131381759643554688e+02 2.262763214111328125e+01
9.049774169921875000e+01 0.000000000000000000e+00
1.120000000000000000e+02 3.200000000000000000e+01
1.280000000000000000e+02 1.920000000000000000e+02
9.600000000000000000e+01 0.000000000000000000e+00
6.400000000000000000e+01 9.600000000000000000e+01
9.600000000000000000e+01 6.400000000000000000e+01
6.400000000000000000e+01 2.240000000000000000e+02
8.000000000000000000e+01 8.000000000000000000e+01
1.280000000000000000e+02 6.400000000000000000e+01
8.000000000000000000e+01 1.120000000000000000e+02
1.600000000000000000e+02 1.440000000000000000e+02
9.051053619384765625e+01 1.810210876464843750e+02
1.280000000000000000e+02 0.000000000000000000e+00
9.600000000000000000e+01 1.760000000000000000e+02
6.788290405273437500e+01 1.131381759643554688e+02
9.051053619384765625e+01 1.131381759643554688e+02
1.280000000000000000e+02 6.400000000000000000e+01
9.600000000000000000e+01 2.240000000000000000e+02
6.788290405273437500e+01 1.357658081054687500e+02
9.600000000000000000e+01 3.200000000000000000e+01
6.400000000000000000e+01 1.600000000000000000e+02
6.400000000000000000e+01 1.920000000000000000e+02
9.051053619384765625e+01 9.051053619384765625e+01
6.788290405273437500e+01 9.051053619384765625e+01
0.000000000000000000e+00 1.280000000000000000e+02
1.760000000000000000e+02 1.440000000000000000e+02
1.120000000000000000e+02 4.800000000000000000e+01
8.000000000000000000e+01 1.920000000000000000e+02
9.600000000000000000e+01 1.920000000000000000e+02
8.000000000000000000e+01 1.280000000000000000e+02
1.280000000000000000e+02 0.000000000000000000e+00
8.000000000000000000e+01 2.400000000000000000e+02
9.051053619384765625e+01 2.036487121582031250e+02
6.400000000000000000e+01 1.440000000000000000e+02
8.000000000000000000e+01 9.600000000000000000e+01
9.600000000000000000e+01 6.400000000000000000e+01
9.051054382324218750e+01 1.357658081054687500e+02
8.000000000000000000e+01 1.760000000000000000e+02
9.051054382324218750e+01 2.262763519287109375e+02
9.600000000000000000e+01 8.000000000000000000e+01
1.280000000000000000e+02 0.000000000000000000e+00
1.280000000000000000e+02 1.280000000000000000e+02
9.600000000000000000e+01 1.280000000000000000e+02
1.440000000000000000e+02 2.400000000000000000e+02
6.400000000000000000e+01 1.280000000000000000e+02
1.357658081054687500e+02 4.525526428222656250e+01
4.525526428222656250e+01 1.357658081054687500e+02
1.280000000000000000e+02 1.600000000000000000e+02
1.440000000000000000e+02 1.120000000000000000e+02
6.788290405273437500e+01 1.810210876464843750e+02
1.131381759643554688e+02 4.525527191162109375e+01
9.051053619384765625e+01 1.357658081054687500e+02
8.000000000000000000e+01 1.600000000000000000e+02
9.600000000000000000e+01 2.400000000000000000e+02
1.583934478759765625e+02 2.489039916992187500e+02
9.051054382324218750e+01 4.525526428222656250e+01
6.400000000000000000e+01 0.000000000000000000e+00
9.051053619384765625e+01 1.583934478759765625e+02
9.051054382324218750e+01 0.000000000000000000e+00
9.600000000000000000e+01 1.920000000000000000e+02
8.000000000000000000e+01 2.080000000000000000e+02
1.280000000000000000e+02 0.000000000000000000e+00
1.440000000000000000e+02 1.600000000000000000e+02
6.788290405273437500e+01 2.262763519287109375e+02
1.280000000000000000e+02 3.200000000000000000e+01
6.400000000000000000e+01 6.400000000000000000e+01
1.810210876464843750e+02 1.583934478759765625e+02
8.000000000000000000e+01 6.400000000000000000e+01
8.000000000000000000e+01 2.240000000000000000e+02
4.525526428222656250e+01 9.051054382324218750e+01
6.788290405273437500e+01 2.036487121582031250e+02
9.600000000000000000e+01 1.280000000000000000e+02
1.760000000000000000e+02 1.280000000000000000e+02
4.525526428222656250e+01 1.810210723876953125e+02
9.600000000000000000e+01 1.600000000000000000e+02
1.357658081054687500e+02 0.000000000000000000e+00
1.131381759643554688e+02 1.583934478759765625e+02
9.051053619384765625e+01 2.262763519287109375e+02
